0 2.08743
0.9 2.08618
1.8 2.08478
2.7 2.08322
3.6 2.08151
4.5 2.07966
5.4 2.07765
6.3 2.07552
7.2 2.07326
8.1 2.07088
9 2.06837
9.9 2.06574
10.8 2.06299
11.7 2.06014
12.6 2.05717
13.5 2.0541
14.4 2.05093
15.3 2.04766
16.2 2.04429
17.1 2.04083
18 2.03728
18.9 2.03363
19.8 2.02991
20.7 2.02609
21.6 2.0222
22.5 2.01823
23.4 2.01417
24.3 2.01005
25.2 2.00584
26.1 2.00157
27 1.99723
27.9 1.99282
28.8 1.98833
29.7 1.98379
30.6 1.97918
31.5 1.9745
32.4 1.96981
33.3 1.96515
34.2 1.96059
35.1 1.95592
36 1.95111
36.9 1.94635
37.8 1.94156
38.7 1.93684
39.6 1.93212
40.5 1.9274
41.4 1.92266
42.3 1.91793
43.2 1.91319
44.1 1.90844
45 1.90368
45.9 1.89891
46.8 1.89414
47.7 1.88934
48.6 1.88455
49.5 1.87972
50.4 1.87488
51.3 1.87001
52.2 1.86514
53.1 1.86024
54 1.85531
54.9 1.85036
55.8 1.84538
56.7 1.84037
57.6 1.83532
58.5 1.83023
59.4 1.8251
60.3 1.81993
61.2 1.81471
62.1 1.80944
63 1.8041
63.9 1.79872
64.8 1.79327
65.7 1.78777
66.6 1.78219
67.5 1.77655
68.4 1.77083
69.3 1.76505
70.2 1.75915
71.1 1.75319
72 1.74715
72.9 1.74101
73.8 1.73476
74.7 1.72842
75.6 1.72197
76.5 1.71542
77.4 1.70875
78.3 1.70196
79.2 1.69506
80.1 1.68804
81 1.68089
81.9 1.67362
82.8 1.66622
83.7 1.65868
84.6 1.651
85.5 1.64319
86.4 1.63523
87.3 1.62713
88.2 1.61888
89.1 1.61048
90 1.60193
90.9 1.59322
91.8 1.58436
92.7 1.57533
93.6 1.56615
94.5 1.55681
95.4 1.54729
96.3 1.53761
97.2 1.52775
98.1 1.51772
99 1.50752
99.9 1.49714
100.8 1.48659
101.7 1.47586
102.6 1.46495
103.5 1.45386
104.4 1.44259
105.3 1.43113
106.2 1.41949
107.1 1.40767
108 1.39567
108.9 1.38348
109.8 1.3711
110.7 1.35855
111.6 1.34581
112.5 1.33288
113.4 1.31977
114.3 1.30646
115.2 1.29298
116.1 1.27932
117 1.26547
117.9 1.25144
118.8 1.23723
119.7 1.22284
120.6 1.20827
121.5 1.19353
122.4 1.1786
123.3 1.16351
124.2 1.14824
125.1 1.1328
126 1.11719
126.9 1.10141
127.8 1.08548
128.7 1.06938
129.6 1.05311
130.5 1.03669
131.4 1.0201
132.3 1.00337
133.2 0.986488
134.1 0.969458
135 0.952284
135.9 0.934968
136.8 0.917515
137.7 0.899926
138.6 0.882206
139.5 0.864353
140.4 0.846379
141.3 0.828285
142.2 0.810074
143.1 0.791748
144 0.773314
144.9 0.754773
145.8 0.736131
146.7 0.717391
147.6 0.698557
148.5 0.679637
149.4 0.66063
150.3 0.641542
151.2 0.622377
152.1 0.603138
153 0.583842
153.9 0.571124
154.8 0.551254
155.7 0.531341
156.6 0.51139
157.5 0.491407
158.4 0.471397
159.3 0.451389
160.2 0.431349
161.1 0.411306
162 0.391286
162.9 0.371279
163.8 0.351289
164.7 0.331316
165.6 0.311373
166.5 0.291459
167.4 0.271582
168.3 0.251742
169.2 0.231941
170.1 0.212186
171 0.192484
171.9 0.172841
172.8 0.153266
173.7 0.133765
174.6 0.114346
175.5 0.0950171
176.4 0.0757859
177.3 0.0566605
178.2 0.0376486
179.1 0.0187589
180 0.015
180.9 0.0160791
181.8 0.0320008
182.7 0.0477549
183.6 0.0633304
184.5 0.0787161
185.4 0.0938995
186.3 0.108868
187.2 0.123606
188.1 0.138099
189 0.15233
189.9 0.166281
190.8 0.179928
191.7 0.193252
192.6 0.206224
193.5 0.218816
194.4 0.230995
195.3 0.242719
196.2 0.253942
197.1 0.264608
198 0.274648
198.9 0.283976
199.8 0.292487
200.7 0.300034
201.6 0.306423
202.5 0.311369
203.4 0.314422
204.3 0.314741
205.2 0.310243
206.1 0.286006
207 0.259427
207.9 0.234843
208.8 0.21297
209.7 0.195335
210.6 0.182911
211.5 0.1767
212.4 0.177229
213.3 0.184295
214.2 0.197054
215.1 0.214351
216 0.235056
216.9 0.258226
217.8 0.283139
218.7 0.309272
219.6 0.336235
220.5 0.363756
221.4 0.391626
222.3 0.419718
223.2 0.447931
224.1 0.476162
225 0.504341
225.9 0.532406
226.8 0.560306
227.7 0.588046
228.6 0.616373
229.5 0.644552
230.4 0.671653
231.3 0.700266
232.2 0.727258
233.1 0.753512
234 0.779498
234.9 0.806551
235.8 0.833296
236.7 0.852263
237.6 0.876922
238.5 0.901214
239.4 0.926642
240.3 0.94923
241.2 0.971853
242.1 0.994563
243 1.01692
243.9 1.03888
244.8 1.06044
245.7 1.0816
246.6 1.10234
247.5 1.12269
248.4 1.14263
249.3 1.16215
250.2 1.18127
251.1 1.19998
252 1.21829
252.9 1.23621
253.8 1.25369
254.7 1.27076
255.6 1.28744
256.5 1.30415
257.4 1.31989
258.3 1.33517
259.2 1.35017
260.1 1.36486
261 1.37918
261.9 1.39309
262.8 1.40664
263.7 1.41979
264.6 1.43259
265.5 1.44501
266.4 1.45702
267.3 1.4687
268.2 1.48002
269.1 1.49098
270 1.5016
270.9 1.51188
271.8 1.52182
272.7 1.53143
273.6 1.54072
274.5 1.54969
275.4 1.55834
276.3 1.56668
277.2 1.57472
278.1 1.58245
279 1.58989
279.9 1.59705
280.8 1.60394
281.7 1.61056
282.6 1.61692
283.5 1.62303
284.4 1.6289
285.3 1.63453
286.2 1.63994
287.1 1.64514
288 1.65013
288.9 1.65493
289.8 1.65954
290.7 1.66399
291.6 1.66827
292.5 1.67241
293.4 1.67641
294.3 1.68028
295.2 1.68404
296.1 1.6877
297 1.69127
297.9 1.69476
298.8 1.6982
299.7 1.70159
300.6 1.7049
301.5 1.70816
302.4 1.71137
303.3 1.71453
304.2 1.71767
305.1 1.72081
306 1.72393
306.9 1.72706
307.8 1.73022
308.7 1.73342
309.6 1.73666
310.5 1.73996
311.4 1.74334
312.3 1.7468
313.2 1.75036
314.1 1.75402
315 1.75782
315.9 1.76175
316.8 1.76581
317.7 1.77004
318.6 1.77445
319.5 1.77904
320.4 1.78383
321.3 1.7888
322.2 1.79401
323.1 1.79945
324 1.80512
324.9 1.81105
325.8 1.81723
326.7 1.82367
327.6 1.83041
328.5 1.83742
329.4 1.84472
330.3 1.85233
331.2 1.86024
332.1 1.86847
333 1.87702
333.9 1.88589
334.8 1.89509
335.7 1.90462
336.6 1.91449
337.5 1.9247
338.4 1.93525
339.3 1.94616
340.2 2.0531
341.1 2.05984
342 2.06503
342.9 2.06939
343.8 2.07321
344.7 2.07654
345.6 2.07933
346.5 2.08184
347.4 2.084
348.3 2.08592
349.2 2.08745
350.1 2.08867
351 2.08967
351.9 2.09041
352.8 2.09091
353.7 2.09118
354.6 2.09123
355.5 2.09108
356.4 2.09072
357.3 2.09015
358.2 2.08943
359.1 2.08852
360 2.08743
