0 1.82225
0.9 1.82236
1.8 1.82267
2.7 1.82319
3.6 1.82392
4.5 1.82485
5.4 1.82599
6.3 1.82733
7.2 1.82888
8.1 1.8305
9 1.83216
9.9 1.83387
10.8 1.83564
11.7 1.83743
12.6 1.83927
13.5 1.84115
14.4 1.84306
15.3 1.845
16.2 1.84697
17.1 1.84897
18 1.85098
18.9 1.85302
19.8 1.85507
20.7 1.85714
21.6 1.85921
22.5 1.86128
23.4 1.86336
24.3 1.86544
25.2 1.86752
26.1 1.86958
27 1.87163
27.9 1.87367
28.8 1.87567
29.7 1.87766
30.6 1.87963
31.5 1.88155
32.4 1.88345
33.3 1.8853
34.2 1.8871
35.1 1.88886
36 1.89056
36.9 1.8922
37.8 1.89379
38.7 1.89531
39.6 1.89676
40.5 1.89814
41.4 1.89944
42.3 1.90066
43.2 1.9018
44.1 1.90284
45 1.90378
45.9 1.90464
46.8 1.90539
47.7 1.90603
48.6 1.90657
49.5 1.90699
50.4 1.9073
51.3 1.90749
52.2 1.90754
53.1 1.90748
54 1.90728
54.9 1.90694
55.8 1.90646
56.7 1.90584
57.6 1.90508
58.5 1.90417
59.4 1.9031
60.3 1.90187
61.2 1.90049
62.1 1.89895
63 1.89724
63.9 1.89535
64.8 1.8933
65.7 1.89107
66.6 1.88867
67.5 1.88608
68.4 1.8833
69.3 1.88034
70.2 1.8772
71.1 1.87386
72 1.87033
72.9 1.8666
73.8 1.86268
74.7 1.85855
75.6 1.85422
76.5 1.84969
77.4 1.84495
78.3 1.84
79.2 1.83484
80.1 1.82948
81 1.8239
81.9 1.81809
82.8 1.81208
83.7 1.80584
84.6 1.79938
85.5 1.7927
86.4 1.7858
87.3 1.77866
88.2 1.77131
89.1 1.76373
90 1.75593
90.9 1.7479
91.8 1.73964
92.7 1.73116
93.6 1.72244
94.5 1.71349
95.4 1.70431
96.3 1.6949
97.2 1.68525
98.1 1.67538
99 1.66527
99.9 1.65494
100.8 1.64437
101.7 1.63356
102.6 1.62253
103.5 1.61127
104.4 1.59977
105.3 1.58805
106.2 1.57609
107.1 1.56391
108 1.5515
108.9 1.53886
109.8 1.52599
110.7 1.5129
111.6 1.49958
112.5 1.48604
113.4 1.47227
114.3 1.45829
115.2 1.44408
116.1 1.42965
117 1.41501
117.9 1.40015
118.8 1.38508
119.7 1.36979
120.6 1.35429
121.5 1.33858
122.4 1.32267
123.3 1.30655
124.2 1.29022
125.1 1.2737
126 1.25697
126.9 1.24005
127.8 1.22293
128.7 1.20562
129.6 1.18811
130.5 1.17042
131.4 1.15255
132.3 1.13449
133.2 1.11625
134.1 1.09784
135 1.07925
135.9 1.06048
136.8 1.04155
137.7 1.02245
138.6 1.00319
139.5 0.983763
140.4 0.964182
141.3 0.944447
142.2 0.92456
143.1 0.904525
144 0.884345
144.9 0.864024
145.8 0.843564
146.7 0.82297
147.6 0.802244
148.5 0.781386
149.4 0.760406
150.3 0.739307
151.2 0.718092
152.1 0.696762
153 0.675321
153.9 0.653774
154.8 0.632124
155.7 0.610375
156.6 0.58853
157.5 0.566594
158.4 0.544578
159.3 0.522463
160.2 0.500276
161.1 0.478015
162 0.45568
162.9 0.433275
163.8 0.410807
164.7 0.388279
165.6 0.365699
166.5 0.343062
167.4 0.320373
168.3 0.297644
169.2 0.274875
170.1 0.252072
171 0.229235
171.9 0.206369
172.8 0.18348
173.7 0.160572
174.6 0.137647
175.5 0.114709
176.4 0.0917657
177.3 0.0691024
178.2 0.0460454
179.1 0.0230098
180 0.02
180.9 0.0255043
181.8 0.0509648
182.7 0.0763756
183.6 0.10173
184.5 0.127023
185.4 0.152248
186.3 0.177399
187.2 0.20247
188.1 0.227453
189 0.252345
189.9 0.277137
190.8 0.301826
191.7 0.326403
192.6 0.350864
193.5 0.375199
194.4 0.399406
195.3 0.423476
196.2 0.447402
197.1 0.47118
198 0.494801
198.9 0.51826
199.8 0.541547
200.7 0.564657
201.6 0.587584
202.5 0.610319
203.4 0.632851
204.3 0.655178
205.2 0.677286
206.1 0.699169
207 0.720812
207.9 0.74221
208.8 0.763342
209.7 0.784197
216.9 0.887937
217.8 0.898312
218.7 0.909558
219.6 0.921613
220.5 0.93441
221.4 0.947885
222.3 0.961973
223.2 0.976619
224.1 0.991756
225 1.00733
225.9 1.0233
226.8 1.03959
227.7 1.05618
228.6 1.07301
229.5 1.09005
230.4 1.10724
231.3 1.12456
232.2 1.14197
233.1 1.15944
234 1.17693
234.9 1.19443
235.8 1.2119
236.7 1.22931
237.6 1.24665
238.5 1.2639
239.4 1.28104
240.3 1.29804
241.2 1.31488
242.1 1.33156
243 1.34805
243.9 1.36434
244.8 1.38043
245.7 1.39629
246.6 1.41191
247.5 1.4273
248.4 1.44242
249.3 1.45729
250.2 1.47189
251.1 1.4862
252 1.50023
252.9 1.51397
253.8 1.52741
254.7 1.54055
255.6 1.55338
256.5 1.56589
257.4 1.57809
258.3 1.58997
259.2 1.60153
260.1 1.61276
261 1.62366
261.9 1.63424
262.8 1.64448
263.7 1.65439
264.6 1.66396
265.5 1.6732
266.4 1.6821
267.3 1.69067
268.2 1.6989
269.1 1.7068
270 1.71437
270.9 1.7216
271.8 1.7285
272.7 1.73507
273.6 1.74131
274.5 1.74723
275.4 1.75283
276.3 1.7581
277.2 1.76305
278.1 1.76769
279 1.77202
279.9 1.77604
280.8 1.77976
281.7 1.78317
282.6 1.78629
283.5 1.78912
284.4 1.79166
285.3 1.79392
286.2 1.7959
287.1 1.79762
288 1.79907
288.9 1.80025
289.8 1.80119
290.7 1.80188
291.6 1.80233
292.5 1.80255
293.4 1.80254
294.3 1.80231
295.2 1.80188
296.1 1.80124
297 1.80041
297.9 1.79939
298.8 1.7982
299.7 1.79684
300.6 1.79532
301.5 1.79365
302.4 1.79183
303.3 1.78988
304.2 1.78781
305.1 1.78562
306 1.78334
306.9 1.78096
307.8 1.77851
308.7 1.77599
309.6 1.77341
310.5 1.77079
311.4 1.76814
312.3 1.76548
313.2 1.7628
314.1 1.76014
315 1.7575
315.9 1.7549
316.8 1.75235
317.7 1.74985
318.6 1.74745
319.5 1.74512
356.4 1.82381
357.3 1.82313
358.2 1.82264
359.1 1.82235
360 1.82225
