0 2.36552
0.9 2.39513
1.8 2.42473
2.7 2.4543
3.6 2.48385
4.5 2.51336
5.4 2.54283
6.3 2.57226
7.2 2.60163
8.1 2.63094
9 2.66019
9.9 2.68936
10.8 2.71845
11.7 2.74747
12.6 2.77639
13.5 2.80521
14.4 2.83393
15.3 2.86255
16.2 2.89104
17.1 2.91942
18 2.94767
18.9 2.97578
19.8 3.00376
20.7 3.03158
21.6 3.05926
22.5 3.08677
23.4 3.11412
24.3 3.1413
25.2 3.1683
26.1 3.19511
27 3.22174
27.9 3.24816
28.8 3.27439
29.7 3.30041
30.6 3.32621
31.5 3.35181
32.4 3.37719
33.3 3.40235
34.2 3.42728
35.1 3.45197
36 3.47643
36.9 3.50064
37.8 3.5246
38.7 3.5483
39.6 3.57174
40.5 3.59491
41.4 3.6178
42.3 3.64042
43.2 3.66275
44.1 3.68479
45 3.70653
45.9 3.72797
46.8 3.74911
47.7 3.76992
48.6 3.79042
49.5 3.8106
50.4 3.83045
51.3 3.84996
52.2 3.86914
53.1 3.88797
54 3.90645
54.9 3.92458
55.8 3.94235
56.7 3.95975
57.6 3.97678
58.5 3.99344
59.4 4.00972
60.3 4.02562
61.2 4.04113
62.1 4.05625
63 4.07097
63.9 4.08529
64.8 4.0992
65.7 4.1127
66.6 4.12578
67.5 4.13845
68.4 4.15069
69.3 4.16251
70.2 4.1739
71.1 4.18486
72 4.19537
72.9 4.20545
73.8 4.21508
74.7 4.22426
75.6 4.233
76.5 4.24128
77.4 4.24911
78.3 4.25648
79.2 4.26339
80.1 4.26983
81 4.27581
81.9 4.28132
82.8 4.28636
83.7 4.29092
84.6 4.29502
85.5 4.29863
86.4 4.30178
87.3 4.30444
88.2 4.30663
89.1 4.30834
90 4.30956
90.9 4.31106
91.8 4.3097
92.7 4.30781
93.6 4.30538
94.5 4.30243
95.4 4.29894
96.3 4.29494
97.2 4.29038
98.1 4.2853
99 4.27969
99.9 4.27353
100.8 4.26689
101.7 4.25971
102.6 4.25201
103.5 4.24378
104.4 4.23503
105.3 4.22577
106.2 4.216
107.1 4.20574
108 4.19495
108.9 4.18366
109.8 4.17187
110.7 4.15957
111.6 4.14679
112.5 4.13352
113.4 4.11976
114.3 4.10551
115.2 4.09079
116.1 4.0756
117 4.05993
117.9 4.04381
118.8 4.02722
119.7 4.01017
120.6 3.99268
121.5 3.97474
122.4 3.95637
123.3 3.93755
124.2 3.91831
125.1 3.89865
126 3.87857
126.9 3.85808
127.8 3.83719
128.7 3.8159
129.6 3.79422
130.5 3.77216
131.4 3.74971
132.3 3.7269
133.2 3.70372
134.1 3.68018
135 3.65629
135.9 3.63206
136.8 3.60751
137.7 3.58261
138.6 3.5574
139.5 3.53187
140.4 3.50603
141.3 3.4799
142.2 3.45347
143.1 3.42676
144 3.39978
144.9 3.37253
145.8 3.345
146.7 3.31725
147.6 3.28922
148.5 3.26098
149.4 3.23251
150.3 3.20382
151.2 3.17492
152.1 3.14582
153 3.11652
153.9 3.08704
154.8 3.05738
155.7 3.02755
156.6 2.99755
157.5 2.96741
158.4 2.93712
159.3 2.90669
160.2 2.87613
161.1 2.84546
162 2.81467
162.9 2.78377
163.8 2.75279
164.7 2.72171
165.6 2.69056
166.5 2.65934
167.4 2.62805
168.3 2.59672
169.2 2.56533
170.1 2.53391
171 2.50244
171.9 2.47097
172.8 2.43948
173.7 2.40798
174.6 2.37648
175.5 2.34499
176.4 2.31352
177.3 2.28208
178.2 2.25066
179.1 2.21929
180 2.18796
180.9 2.15669
181.8 2.12548
182.7 2.09434
183.6 2.06327
184.5 2.03229
185.4 2.00139
186.3 1.9706
187.2 1.9399
188.1 1.90931
189 1.87885
189.9 1.8485
190.8 1.81829
191.7 1.78822
192.6 1.75828
193.5 1.7285
194.4 1.69886
195.3 1.66939
196.2 1.64009
197.1 1.61095
198 1.582
198.9 1.55322
199.8 1.52464
200.7 1.49624
201.6 1.46805
202.5 1.44006
203.4 1.41227
204.3 1.3847
205.2 1.37076
206.1 1.34271
207 1.31492
207.9 1.28738
208.8 1.26011
209.7 1.2331
210.6 1.20636
211.5 1.1799
212.4 1.1537
213.3 1.12779
214.2 1.10215
215.1 1.0768
216 1.05173
216.9 1.02695
217.8 1.00245
218.7 0.978251
219.6 0.95434
220.5 0.930722
221.4 0.907397
222.3 0.884368
223.2 0.861633
224.1 0.839193
225 0.817049
225.9 0.795197
226.8 0.773642
227.7 0.752382
228.6 0.731413
229.5 0.710737
230.4 0.690349
231.3 0.67025
232.2 0.650436
233.1 0.630905
234 0.611654
234.9 0.59268
235.8 0.573981
236.7 0.555554
237.6 0.537393
238.5 0.519495
239.4 0.501852
240.3 0.484463
241.2 0.467319
242.1 0.450419
243 0.433751
243.9 0.417312
244.8 0.401094
245.7 0.385089
246.6 0.369288
247.5 0.353688
248.4 0.338278
249.3 0.323051
250.2 0.307994
251.1 0.293101
252 0.278358
252.9 0.263758
253.8 0.249284
254.7 0.234935
255.6 0.220698
256.5 0.206565
257.4 0.192523
258.3 0.178566
259.2 0.164684
260.1 0.150865
261 0.137098
261.9 0.123373
262.8 0.10968
263.7 0.0960052
264.6 0.0823442
265.5 0.0686818
266.4 0.0550092
267.3 0.0413149
268.2 0.0275889
269.1 0.0138207
270 0.01
270.9 0.01693
271.8 0.0338816
272.7 0.0508619
273.6 0.0678775
274.5 0.0849356
275.4 0.102042
276.3 0.119204
277.2 0.136427
278.1 0.153708
279 0.171055
279.9 0.18848
280.8 0.205991
281.7 0.223594
282.6 0.241295
283.5 0.259099
284.4 0.277014
285.3 0.295045
286.2 0.313199
287.1 0.33148
288 0.349893
288.9 0.368444
289.8 0.387136
290.7 0.405978
291.6 0.42497
292.5 0.444119
293.4 0.463425
294.3 0.482899
295.2 0.502541
296.1 0.522347
297 0.542333
297.9 0.562499
298.8 0.582854
299.7 0.603384
300.6 0.6241
301.5 0.645004
302.4 0.666098
303.3 0.687384
304.2 0.708863
305.1 0.730538
306 0.752408
306.9 0.774476
307.8 0.796742
308.7 0.819207
309.6 0.84187
310.5 0.864732
311.4 0.887794
312.3 0.911054
313.2 0.934513
314.1 0.958169
315 0.982022
315.9 1.00607
316.8 1.03032
317.7 1.05475
318.6 1.07938
319.5 1.1042
320.4 1.12921
321.3 1.15441
322.2 1.17979
323.1 1.20535
324 1.2311
324.9 1.25702
325.8 1.28311
326.7 1.30938
327.6 1.33582
328.5 1.36242
329.4 1.38918
330.3 1.41611
331.2 1.44319
332.1 1.47042
333 1.4978
333.9 1.52532
334.8 1.55299
335.7 1.58078
336.6 1.60872
337.5 1.63678
338.4 1.66496
339.3 1.69326
340.2 1.72168
341.1 1.7502
342 1.77883
342.9 1.80756
343.8 1.83639
344.7 1.8653
345.6 1.89431
346.5 1.92339
347.4 1.95254
348.3 1.98177
349.2 2.01106
350.1 2.04041
351 2.06981
351.9 2.09926
352.8 2.12875
353.7 2.15828
354.6 2.18784
355.5 2.21742
356.4 2.24703
357.3 2.27665
358.2 2.30627
359.1 2.3359
360 2.36552
