0 -nan
0.9 0.025518
1.8 0.0513537
2.7 0.0774984
3.6 0.103943
4.5 0.130681
5.4 0.157703
6.3 0.185001
7.2 0.212569
8.1 0.240398
9 0.268484
9.9 0.296816
10.8 0.325385
11.7 0.354192
12.6 0.383222
13.5 0.412478
14.4 0.441941
15.3 0.471608
16.2 0.501476
17.1 0.531536
18 0.561782
18.9 0.592206
19.8 0.6228
20.7 0.653559
21.6 0.684475
22.5 0.715541
23.4 0.746751
24.3 0.778096
25.2 0.809572
26.1 0.84154
27 0.872915
27.9 0.904347
28.8 0.935823
29.7 0.967333
30.6 0.998873
31.5 1.03042
32.4 1.06198
33.3 1.09354
34.2 1.12507
35.1 1.15658
36 1.20484
36.9 1.23626
37.8 1.26759
38.7 1.29882
39.6 1.32994
40.5 1.36094
41.4 1.39182
42.3 1.42255
43.2 1.45312
44.1 1.48355
45 1.51379
45.9 1.54384
46.8 1.57369
47.7 1.60334
48.6 1.63278
49.5 1.66198
50.4 1.69095
51.3 1.71966
52.2 1.74812
53.1 1.7763
54 1.8042
54.9 1.83182
55.8 1.85913
56.7 1.88613
57.6 1.91282
58.5 1.93917
59.4 1.96518
60.3 1.99084
61.2 2.01614
62.1 2.04107
63 2.06563
63.9 2.0898
64.8 2.11357
65.7 2.13695
66.6 2.15991
67.5 2.18246
68.4 2.20458
69.3 2.22627
70.2 2.24752
71.1 2.26832
72 2.28867
72.9 2.30855
73.8 2.32797
74.7 2.34692
75.6 2.36539
76.5 2.38338
77.4 2.40088
78.3 2.41789
79.2 2.4344
80.1 2.45041
81 2.46592
81.9 2.48092
82.8 2.49541
83.7 2.50938
84.6 2.52284
85.5 2.53579
86.4 2.5482
87.3 2.5601
88.2 2.57148
89.1 2.58234
90 2.59268
90.9 2.60249
91.8 2.61179
92.7 2.62056
93.6 2.62881
94.5 2.63655
95.4 2.64377
96.3 2.65047
97.2 2.65667
98.1 2.66235
99 2.66754
99.9 2.67222
100.8 2.6764
101.7 2.68009
102.6 2.68329
103.5 2.68601
104.4 2.68825
105.3 2.69002
106.2 2.69132
107.1 2.69217
108 2.69256
108.9 2.6925
109.8 2.69199
110.7 2.69106
111.6 2.6897
112.5 2.68793
113.4 2.68575
114.3 2.68317
115.2 2.6802
116.1 2.67685
117 2.67313
117.9 2.66904
118.8 2.66459
119.7 2.6598
120.6 2.65468
121.5 2.64923
122.4 2.64346
123.3 2.6374
124.2 2.63103
125.1 2.62437
126 2.61745
126.9 2.61027
127.8 2.60284
128.7 2.59516
129.6 2.58726
130.5 2.57914
131.4 2.57081
132.3 2.56229
133.2 2.55358
134.1 2.5447
135 2.53565
135.9 2.52645
136.8 2.5171
137.7 2.50763
138.6 2.49804
139.5 2.48834
140.4 2.47855
141.3 2.46867
142.2 2.45871
143.1 2.44869
144 2.43861
144.9 2.42848
145.8 2.41832
146.7 2.40813
147.6 2.39791
148.5 2.3877
149.4 2.37749
150.3 2.36729
151.2 2.35711
152.1 2.34696
153 2.33684
153.9 2.32677
154.8 2.31675
155.7 2.30678
156.6 2.29688
157.5 2.28705
158.4 2.27731
159.3 2.26764
160.2 2.25806
161.1 2.24858
162 2.23921
162.9 2.22993
163.8 2.22076
164.7 2.21171
165.6 2.20278
166.5 2.19397
167.4 2.18528
168.3 2.17672
169.2 2.16829
170.1 2.15998
171 2.1518
171.9 2.14376
172.8 2.13589
173.7 2.12812
174.6 2.1205
175.5 2.11301
176.4 2.10567
177.3 2.09845
178.2 2.09138
179.1 2.08446
180 2.07766
180.9 2.07102
181.8 2.06453
182.7 2.05812
183.6 2.05195
184.5 2.0459
185.4 2.03996
186.3 2.03426
187.2 2.02871
188.1 2.02331
189 2.01813
189.9 2.01317
190.8 2.00845
191.7 2.00401
192.6 1.99983
193.5 1.99597
194.4 1.99246
195.3 1.98932
196.2 1.9866
197.1 1.98433
198 1.98251
198.9 1.98121
199.8 1.98041
200.7 1.98016
201.6 1.98045
202.5 1.9813
203.4 1.98271
204.3 1.98467
205.2 1.98718
206.1 1.99021
207 1.99378
207.9 1.99784
208.8 2.00238
209.7 2.00738
210.6 2.0128
211.5 2.01865
212.4 2.02488
213.3 2.03145
214.2 2.03835
215.1 2.04555
216 2.05301
216.9 2.06072
217.8 2.06863
218.7 2.07672
219.6 2.08495
220.5 2.09332
221.4 2.10177
222.3 2.11029
223.2 2.11886
224.1 2.12744
225 2.136
225.9 2.14454
226.8 2.15301
227.7 2.16139
228.6 2.16966
229.5 2.17781
230.4 2.1858
231.3 2.19362
232.2 2.20126
233.1 2.20868
234 2.21588
234.9 2.22283
235.8 2.22952
236.7 2.23595
237.6 2.24207
238.5 2.24788
239.4 2.25337
240.3 2.25851
241.2 2.26331
242.1 2.26774
243 2.2718
243.9 2.27547
244.8 2.27874
245.7 2.2816
246.6 2.28406
247.5 2.28607
248.4 2.28763
249.3 2.28876
250.2 2.28943
251.1 2.28964
252 2.28938
252.9 2.28863
253.8 2.2874
254.7 2.28568
255.6 2.28346
256.5 2.28074
257.4 2.2775
258.3 2.27375
259.2 2.26947
260.1 2.26467
261 2.25934
261.9 2.25347
262.8 2.24707
263.7 2.24012
264.6 2.23262
265.5 2.22458
266.4 2.21598
267.3 2.20683
268.2 2.19712
269.1 2.18684
270 2.176
270.9 2.16459
271.8 2.15261
272.7 2.14006
273.6 2.12694
274.5 2.11325
275.4 2.09897
276.3 2.08413
277.2 2.06871
278.1 2.05271
279 2.03613
279.9 2.01897
280.8 2.00123
281.7 1.98291
282.6 1.964
283.5 1.94452
284.4 1.92446
285.3 1.90382
286.2 1.88259
287.1 1.86079
288 1.83841
288.9 1.81545
289.8 1.79191
290.7 1.7678
291.6 1.74311
292.5 1.71785
293.4 1.69202
294.3 1.66562
295.2 1.63865
296.1 1.61111
297 1.58301
297.9 1.55435
298.8 1.52513
299.7 1.49536
300.6 1.46504
301.5 1.43417
302.4 1.40275
303.3 1.37079
304.2 1.33831
305.1 1.30529
306 1.27174
306.9 1.23768
307.8 1.20311
308.7 1.16803
309.6 1.13246
310.5 1.09641
311.4 1.05988
312.3 1.02289
313.2 0.985456
314.1 0.947591
315 0.909321
315.9 0.870708
316.8 0.831689
317.7 0.792281
318.6 0.752643
319.5 0.712775
320.4 0.672723
321.3 0.632569
322.2 0.592408
323.1 0.552361
324 0.512643
324.9 0.473499
325.8 0.435244
326.7 0.398313
327.6 0.363311
328.5 0.331021
329.4 0.302608
330.3 0.278791
331.2 0.258998
332.1 0.244241
333 0.235681
333.9 0.234147
334.8 0.239943
335.7 0.252677
336.6 0.271388
337.5 0.294838
338.4 0.321452
339.3 0.338482
340.2 0.340488
341.1 0.337783
342 0.332113
342.9 0.324271
343.8 0.314715
344.7 0.303743
345.6 0.291564
346.5 0.278331
347.4 0.264171
348.3 0.249181
349.2 0.233422
350.1 0.216956
351 0.199831
351.9 0.182093
352.8 0.16363
353.7 0.144783
354.6 0.125427
355.5 0.105591
356.4 0.0852983
357.3 0.0645724
358.2 0.0434347
359.1 0.0219046
360 -nan
