0 2.9816
0.9 2.94327
1.8 2.90518
2.7 2.86733
3.6 2.82971
4.5 2.79235
5.4 2.75527
6.3 2.71837
7.2 2.68166
8.1 2.64514
9 2.60886
9.9 2.57281
10.8 2.53705
11.7 2.50156
12.6 2.46638
13.5 2.43158
14.4 2.39708
15.3 2.36299
16.2 2.3293
17.1 2.29607
18 2.26333
18.9 2.23107
19.8 2.19926
20.7 2.16809
21.6 2.13747
22.5 2.10747
23.4 2.07812
24.3 2.04945
25.2 2.02147
26.1 1.99427
27 1.97784
27.9 1.94549
28.8 1.91323
29.7 1.88105
30.6 1.84898
31.5 1.81702
32.4 1.78516
33.3 1.75343
34.2 1.7218
35.1 1.69029
36 1.65888
36.9 1.62762
37.8 1.59648
38.7 1.56547
39.6 1.53459
40.5 1.50384
41.4 1.47323
42.3 1.44277
43.2 1.41243
44.1 1.38224
45 1.35219
45.9 1.32227
46.8 1.29251
47.7 1.26288
48.6 1.2334
49.5 1.20406
50.4 1.17485
51.3 1.1458
52.2 1.11688
53.1 1.08813
54 1.0595
54.9 1.03101
55.8 1.00266
56.7 0.974443
57.6 0.946363
58.5 0.918409
59.4 0.8906
60.3 0.862918
61.2 0.835367
62.1 0.807942
63 0.78064
63.9 0.753459
64.8 0.726396
65.7 0.699448
66.6 0.672612
67.5 0.64589
68.4 0.619268
69.3 0.592749
70.2 0.566329
71.1 0.54
72 0.513761
72.9 0.48761
73.8 0.461538
74.7 0.435542
75.6 0.409616
76.5 0.383757
77.4 0.357959
78.3 0.332215
79.2 0.306524
80.1 0.280876
81 0.255178
81.9 0.229594
82.8 0.204048
83.7 0.178529
84.6 0.15303
85.5 0.127545
86.4 0.10206
87.3 0.0765702
88.2 0.0510693
89.1 0.0255484
90 0.02
90.9 0.0212509
91.8 0.0426417
92.7 0.0641898
93.6 0.0859109
94.5 0.107817
95.4 0.12992
96.3 0.152232
97.2 0.174764
98.1 0.197529
99 0.220536
99.9 0.243797
100.8 0.267322
101.7 0.29112
102.6 0.315198
103.5 0.339566
104.4 0.364231
105.3 0.389203
106.2 0.414488
107.1 0.440094
108 0.466023
108.9 0.49228
109.8 0.518872
110.7 0.545797
111.6 0.573067
112.5 0.600685
113.4 0.628656
114.3 0.65697
115.2 0.685641
116.1 0.714656
117 0.744029
117.9 0.773753
118.8 0.803833
119.7 0.834267
120.6 0.865049
121.5 0.896178
122.4 0.927654
123.3 0.959476
124.2 0.991636
125.1 1.02413
126 1.05697
126.9 1.09014
127.8 1.12363
128.7 1.15744
129.6 1.19157
130.5 1.22601
131.4 1.26075
132.3 1.2958
133.2 1.33113
134.1 1.36675
135 1.40265
135.9 1.43882
136.8 1.47526
137.7 1.51196
138.6 1.5489
139.5 1.58608
140.4 1.6235
141.3 1.66115
142.2 1.69901
143.1 1.73708
144 1.77535
144.9 1.81381
145.8 1.85245
146.7 1.89127
147.6 1.93024
148.5 1.96937
149.4 2.00865
150.3 2.04807
151.2 2.08761
152.1 2.12726
153 2.16702
153.9 2.2069
154.8 2.24685
155.7 2.28688
156.6 2.32698
157.5 2.36715
158.4 2.40737
159.3 2.44764
160.2 2.48795
161.1 2.52828
162 2.56864
162.9 2.60903
163.8 2.64945
164.7 2.68989
165.6 2.73035
166.5 2.77086
167.4 2.81141
168.3 2.85205
169.2 2.8928
170.1 2.93365
171 2.97464
171.9 3.0158
172.8 3.05712
173.7 3.09859
174.6 3.1402
175.5 3.18196
176.4 3.22386
177.3 3.26586
178.2 3.30794
179.1 3.35011
180 3.3923
180.9 3.43452
181.8 3.47677
182.7 3.51901
183.6 3.56122
184.5 3.6034
185.4 3.6455
186.3 3.68751
187.2 3.72942
188.1 3.77121
189 3.81286
189.9 3.85435
190.8 3.89567
191.7 3.93682
192.6 3.97774
193.5 4.01845
194.4 4.05891
195.3 4.09913
196.2 4.13907
197.1 4.17874
198 4.21813
198.9 4.2572
199.8 4.29595
200.7 4.33437
201.6 4.37244
202.5 4.41016
203.4 4.4475
204.3 4.48447
205.2 4.52107
206.1 4.55725
207 4.59302
207.9 4.62838
208.8 4.66331
209.7 4.6978
210.6 4.73184
211.5 4.76543
212.4 4.79855
213.3 4.83121
214.2 4.86339
215.1 4.89508
216 4.92631
216.9 4.95701
217.8 4.98734
218.7 5.01717
219.6 5.04631
220.5 5.07498
221.4 5.10305
222.3 5.1306
223.2 5.15758
224.1 5.18401
225 5.21001
225.9 5.23555
226.8 5.26052
227.7 5.28481
228.6 5.30855
229.5 5.33169
230.4 5.35423
231.3 5.37621
232.2 5.39745
233.1 5.41798
234 5.43796
234.9 5.45738
235.8 5.47624
236.7 5.49455
237.6 5.5123
238.5 5.52946
239.4 5.54601
240.3 5.56195
241.2 5.57727
242.1 5.59198
243 5.60609
243.9 5.61956
244.8 5.63242
245.7 5.64466
246.6 5.65627
247.5 5.66726
248.4 5.6776
249.3 5.68731
250.2 5.69641
251.1 5.70489
252 5.71278
252.9 5.72006
253.8 5.72672
254.7 5.73278
255.6 5.73823
256.5 5.74306
257.4 5.74729
258.3 5.75091
259.2 5.75392
260.1 5.75633
261 5.75812
261.9 5.7593
262.8 5.75987
263.7 5.75984
264.6 5.7592
265.5 5.75795
266.4 5.7561
267.3 5.75364
268.2 5.75059
269.1 5.74693
270 5.74267
270.9 5.73782
271.8 5.73237
272.7 5.72632
273.6 5.71969
274.5 5.71246
275.4 5.70464
276.3 5.69622
277.2 5.68723
278.1 5.67766
279 5.66751
279.9 5.65678
280.8 5.64547
281.7 5.6336
282.6 5.62116
283.5 5.60814
284.4 5.59457
285.3 5.58043
286.2 5.56573
287.1 5.55048
288 5.53468
288.9 5.51833
289.8 5.50144
290.7 5.48401
291.6 5.46604
292.5 5.44754
293.4 5.4285
294.3 5.40895
295.2 5.38887
296.1 5.36827
297 5.34716
297.9 5.32555
298.8 5.30343
299.7 5.28082
300.6 5.2577
301.5 5.23408
302.4 5.20998
303.3 5.18541
304.2 5.16036
305.1 5.13484
306 5.10886
306.9 5.08241
307.8 5.05551
308.7 5.02817
309.6 5.00038
310.5 4.97215
311.4 4.9435
312.3 4.91441
313.2 4.88491
314.1 4.85501
315 4.82468
315.9 4.79396
316.8 4.76285
317.7 4.73135
318.6 4.69947
319.5 4.66722
320.4 4.63461
321.3 4.60164
322.2 4.56832
323.1 4.53466
324 4.50067
324.9 4.46635
325.8 4.43171
326.7 4.39678
327.6 4.36155
328.5 4.32605
329.4 4.29027
330.3 4.25421
331.2 4.21788
332.1 4.18129
333 4.14445
333.9 4.10735
334.8 4.07003
335.7 4.0325
336.6 3.99475
337.5 3.95679
338.4 3.91865
339.3 3.88034
340.2 3.84187
341.1 3.80325
342 3.76447
342.9 3.72558
343.8 3.68658
344.7 3.64747
345.6 3.60828
346.5 3.56902
347.4 3.5297
348.3 3.49032
349.2 3.45093
350.1 3.41152
351 3.37211
351.9 3.33272
352.8 3.29336
353.7 3.25404
354.6 3.2148
355.5 3.17563
356.4 3.13655
357.3 3.0976
358.2 3.05877
359.1 3.0201
360 2.9816
